59897.525637 13.764650 0.000072 
59936.432350 13.764663 0.000025 
59954.356192 13.764779 0.000051 
59974.394676 13.764780 0.000022 
59994.251215 13.764940 0.000044 
60034.210243 13.765039 0.000056 
60071.084548 13.764809 0.000055 
60090.007407 13.764735 0.000035 
60107.971412 13.764751 0.000032 
60128.878009 13.764659 0.000017 
60149.872164 13.764694 0.000018 
60164.813715 13.764711 0.000025 
60184.753299 13.764702 0.000020 
60203.723553 13.764860 0.000134 
60248.792650 13.764735 0.000024 
60267.738657 13.764660 0.000038 
60288.682928 13.764836 0.000080 
60314.625463 13.764738 0.000048 
60328.575868 13.765001 0.000103 
60349.523206 13.764764 0.000022 
60371.465567 13.765027 0.000035 
60388.409201 13.765449 0.000047 