59746.962789 4.333158 0.000118
59897.498495 4.333321 0.000079
59936.405960 4.333250 0.000086
59954.334780 4.333058 0.000156
59974.366377 4.333323 0.000011
59994.228067 4.333325 0.000074
60071.057754 4.333428 0.000187
60090.037326 4.333319 0.000093
60107.945254 4.333110 0.000129
60128.903877 4.333290 0.000031
60149.815856 4.333273 0.000213
60164.837673 4.333268 0.000141
60184.726794 4.333260 0.000075
60203.697164 4.333501 0.000192
60248.819271 4.333064 0.000109
60267.764988 4.332954 0.000709
60288.719850 4.333330 0.000107
60314.657291 4.333153 0.000130
60328.610706 4.333040 0.000269
60349.560706 4.332991 0.000095
60371.495775 4.333750 0.000281
60388.435475 4.333925 0.000082