58243.423669 2.643767 0.000066
58251.376447 2.643681 0.000036
58284.301505 2.643556 0.000048
58299.266262 2.643632 0.000068
58315.224595 2.643434 0.000077
58333.146239 2.643738 0.000039
58347.102662 2.643596 0.000044
58363.079283 2.643652 0.000028
58378.038947 2.643373 0.000046
58448.874421 2.642982 0.000063
58462.828993 2.643318 0.000025
58476.811342 2.643411 0.000048
58504.696354 2.643120 0.000019
58517.704688 2.643289 0.000050
58560.529341 2.643281 0.000068
57908.300521 2.644792 0.000021
57921.312442 2.644780 0.000026
57991.147049 2.644750 0.000018
58005.075926 2.644573 0.000018
58068.850752 2.644282 0.000020
58124.685764 2.643835 0.000025
58138.682986 2.643774 0.000029
59515.917650 2.642622 0.000016
59527.848148 2.642651 0.000014
59538.891724 2.642553 0.000019
59545.854224 2.642606 0.000005
59565.676562 2.642512 0.000020
59575.664178 2.642536 0.000024
59587.644328 2.642532 0.000026
59596.631076 2.642483 0.000019
59604.597858 2.642483 0.000020
59615.590451 2.642442 0.000012
59627.563947 2.642435 0.000025
59635.498437 2.642472 0.000029
59646.502199 2.642397 0.000019
59656.469850 2.642339 0.000048
59665.410127 2.642263 0.000019
59692.349942 2.642063 0.000021
59713.357639 2.642082 0.000017
59719.258102 2.642060 0.000026
59730.326389 2.641998 0.000019
59749.175636 2.641833 0.000024
59761.232696 2.641883 0.000034
59772.178240 2.641853 0.000018
59782.214063 2.641982 0.000017
59789.176851 2.641867 0.000015
59800.136747 2.642066 0.000040
59810.013830 2.641768 0.000016
59818.971759 2.641730 0.000015
59829.003299 2.641739 0.000023
59838.928993 2.641620 0.000035
59880.838252 2.641513 0.000050
59898.791666 2.641615 0.000017
59918.820659 2.641542 0.000030
59939.634201 2.641519 0.000027
59982.553182 2.641370 0.000017
60002.597974 2.641372 0.000017
60021.444560 2.641298 0.000021
60055.458391 2.641233 0.000020
60073.345775 2.641156 0.000032
60092.258681 2.641145 0.000040
60115.218229 2.641058 0.000019
60132.198322 2.640994 0.000030
60149.144155 2.640934 0.000015
60191.077893 2.640831 0.000033
60254.896991 2.640794 0.000016
60274.888137 2.640828 0.000029
60296.776447 2.640785 0.000019
60316.738714 2.640705 0.000022
60359.607349 2.640717 0.000027
60377.565219 2.640740 0.000033
60393.536053 2.640726 0.000034
60398.513946 2.640699 0.000028