58243.449016 38.776321 0.000417 
58251.400753 38.776783 0.000730 
58284.324595 38.776461 0.000537 
58299.298669 38.776178 0.000632 
58347.125753 38.776630 0.0002416
58363.101447 38.776760 0.00021
58378.061111 38.776199 0.000275 
58462.854919 38.776264 0.000415 
58476.834607 38.776841 0.000670 
58504.717882 38.776054 0.000808 
58517.726505 38.776171 0.00012
58560.551910 38.776250 0.00015
57690.937442 38.776824 0.000419 
57704.893808 38.776646 0.000227 
57720.036169 38.774707 0.000570 
57732.896007 38.776746 0.000458 
57745.914699 38.776372 0.000347 
57773.843808 38.776135 0.000311 
57816.586516 38.776205 0.000240 
57829.617766 38.776057 0.000521 
57868.585474 38.776132 0.000348 
57894.561169 38.778275 0.000380 
57908.331539 38.776464 0.000301 
57935.323785 38.775133 0.000709 
57963.319097 38.776421 0.000310 
57978.311053 38.776474 0.000425 
57991.167940 38.775344 0.000689 
58054.896297 38.776545 0.000355 
58124.707755 38.776201 0.000372 
58138.711921 38.776136 0.000407 
58166.578067 38.776577 0.000530 
59343.439409 38.776148 0.000084 
59376.265741 38.776072 0.000085 
59385.312905 38.776261 0.000097 
59397.276215 38.776266 0.000083 
59406.237037 38.776358 0.000141 
59418.340220 38.776325 0.000093 
59427.148785 38.776303 0.000071 
59446.125752 38.776125 0.000272 
59456.156597 38.776269 0.000048 
59475.017188 38.776289 0.000039 
59483.939757 38.776358 0.000043 
59492.091319 38.775987 0.000102 
59515.951099 38.776420 0.000059 
59527.957002 38.776224 0.000049 
59539.008680 38.776438 0.000048 
59545.827836 38.776182 0.000220 
59565.700521 38.776281 0.000043 
59575.638600 38.776307 0.000108 
59587.616609 38.776384 0.000088 
59604.574016 38.776240 0.000044 
59615.567188 38.776363 0.000045 
59627.589525 38.776195 0.000056 
59635.551794 38.776251 0.000047 
59646.476562 38.776100 0.000043 
59665.472569 38.776149 0.000056 
59692.372280 38.776068 0.000042 
59713.336169 38.776140 0.000056 
59719.302778 38.776005 0.000086 
59730.387326 38.776071 0.000040 
59749.235822 38.776259 0.000044 
59761.186053 38.776385 0.000058 
59772.155150 38.776433 0.000044 
59782.312558 38.776433 0.000042 
59789.284954 38.776294 0.000037 
59800.199537 38.776197 0.000086 
59809.992998 38.776226 0.000039 
59819.062014 38.776186 0.000037 
59829.025637 38.776107 0.000073 
59838.972743 38.776153 0.000038 
59880.889699 38.776068 0.000032 
59898.815220 38.776090 0.000031 
59918.953877 38.776130 0.000029 
59939.660359 38.776142 0.000034 
59959.655613 38.776050 0.000026 
59982.526447 38.776067 0.000028 
60002.576331 38.776006 0.000037 
60021.493692 38.775980 0.000065 
60055.435590 38.776146 0.000036 
60073.368460 38.776109 0.000035 
60092.283507 38.776177 0.000030 
60115.268576 38.776259 0.000029 
60132.176910 38.776281 0.000046 
60149.167303 38.776178 0.000026 
60191.180324 38.776177 0.000032 
60213.877720 38.776202 0.000045 
60254.874826 38.776050 0.000022 
60274.814988 38.776058 0.000064 
60296.754340 38.776040 0.000024 
60316.687963 38.776034 0.000029 
60359.585127 38.776103 0.000028 
60377.542824 38.776088 0.000029 
60393.587558 38.776148 0.000026 
60398.491377 38.776069 0.000029 