59713.379456 14.962551 0.000123 
59730.347511 14.962496 0.000054 
59749.266956 14.962498 0.000156 
59782.192072 14.962479 0.000150 
59789.310127 14.962501 0.000120 
59810.033275 14.962333 0.000200 
59818.993923 14.962589 0.000139 
59829.051909 14.962460 0.000097 
59880.917650 14.962327 0.000113 
59898.875289 14.962340 0.000057 
59918.843981 14.962531 0.000129 
59939.735011 14.962486 0.000065 
59959.688252 14.962371 0.000044 
59982.607812 14.962429 0.000367 
60002.549248 14.962443 0.000138 
60055.401794 14.962400 0.000092 
60073.445544 14.962744 0.000133 
60092.335590 14.962474 0.000125 
60132.247165 14.962090 0.000425 
60149.222511 14.962563 0.000224 
60191.054803 14.962326 0.000061 
60213.929745 14.962486 0.000097 
60254.847627 14.962413 0.000138 
60274.841551 14.962278 0.000205 
60296.727026 14.962183 0.000153 
60316.715683 14.962262 0.000062 
60336.580729 14.962190 0.000123 
60359.557349 14.962089 0.000118 
60377.515335 14.962197 0.000120 
60398.435475 14.962248 0.000062 