58251.460706 30.243702 0.000205 
58299.362905 30.242495 0.000494 
58333.227199 30.242776 0.000659 
58347.166262 30.241895 0.000397 
58363.157002 30.242296 0.000392 
58378.116724 30.242310 0.000099 
58462.880093 30.241764 0.001025 
58476.857118 30.243906 0.001093 
58504.744386 30.242322 0.001031 
58560.578761 30.242837 0.000996 
57690.958970 30.240394 0.000704 
57704.912558 30.242281 0.000444 
57720.055151 30.242567 0.000720 
57732.916262 30.242884 0.000643 
57773.863137 30.242040 0.000748 
57829.597164 30.243445 0.001097 
57868.605151 30.242600 0.000649 
57885.662211 30.242642 0.000511 
57894.597743 30.242663 0.000381 
57908.374942 30.242397 0.000772 
57935.365336 30.243079 0.001102 
57963.358160 30.242976 0.000461 
57978.350000 30.242421 0.000410 
57991.210822 30.241619 0.000749 
58005.142188 30.242562 0.000341 
58054.941898 30.242080 0.000558 
58068.918750 30.242753 0.000684 
58110.801042 30.241587 0.004384 
58124.752199 30.242178 0.000376 
58138.760822 30.241168 0.000466 
59343.492245 30.239798 0.000999 
59355.438137 30.241231 0.000585 
59376.303414 30.241739 0.000840 
59385.268923 30.241096 0.000950 
59397.311400 30.240474 0.000286 
59406.271354 30.241109 0.000333 
59418.378183 30.241625 0.000369 
59427.182581 30.240545 0.000471 
59446.165509 30.239766 0.000323 
59456.074248 30.240606 0.000528 
59475.051099 30.239938 0.000428 
59483.973206 30.240487 0.000500 
59515.990799 30.239362 0.000405 
59527.871933 30.239608 0.000451 
59538.916377 30.240390 0.001094 
59545.881771 30.240601 0.000283 
59555.892708 30.239629 0.000736 
59565.728877 30.241472 0.000559 
59575.691261 30.240379 0.000200 
59587.671701 30.239432 0.000528 
59596.656597 30.240175 0.000965 
59604.621701 30.239906 0.000999 
59615.614410 30.240816 0.000274 
59627.617650 30.240518 0.000426 
59635.521932 30.239704 0.000201 
59646.527951 30.240968 0.001167 
59656.493576 30.241671 0.000802 
59665.439062 30.240723 0.000344 
59692.423842 30.240390 0.000351 
59713.405845 30.241154 0.000486 
59719.331076 30.240641 0.000480 
59730.303530 30.239386 0.000583 
59749.202373 30.241046 0.000478 
59772.202025 30.240946 0.000721 
59782.257754 30.242518 0.000754 
59789.199479 30.241622 0.000502 
59810.076509 30.241392 0.000260 
59819.024132 30.240724 0.000154 
59829.099710 30.239899 0.000770 
59839.003299 30.241254 0.000385 
59880.860822 30.240955 0.000193 
59898.848611 30.239524 0.000424 
59918.923322 30.240556 0.000513 
59939.696701 30.239731 0.000243 
60002.620313 30.241360 0.000544 
60021.469039 30.241005 0.000463 
60055.518403 30.242228 0.000575 
60073.418924 30.240743 0.000514 
60115.240335 30.240337 0.000520 
60132.220544 30.240519 0.000911 
60149.196470 30.240839 0.000809 
60191.099942 30.239419 0.000615 
60213.905787 30.240880 0.000730 
60254.973495 30.240776 0.000028 
60274.914526 30.240559 0.000702 
60296.842998 30.239650 0.000706 
60316.811098 30.240529 0.000320 
60336.607697 30.240873 0.000268 
60377.631771 30.238828 0.000778 
60398.462673 30.240993 0.000471 
60399.591840 30.240952 0.000306 