59692.448900 75.697708 0.0061868
59713.430729 75.688926 0.018930 
59719.383970 75.635350 0.005931 
59730.433391 75.699338 0.006474 
59749.293344 75.701443 0.034480 
59761.282292 75.672135 0.009477 
59782.232117 75.692571 0.0112499
59789.234549 75.747367 0.009864 
59800.250520 75.696470 0.006103 
59810.119907 75.680291 0.011563 
59819.089063 75.686669 0.0079094
59829.073958 75.628239 0.005253 
59839.038831 75.693737 0.020014 
59880.944271 75.699784 0.011131 
59898.901099 75.676702 0.019101 
59918.893808 75.648846 0.014263 
60002.646238 75.698989 0.001594 
60021.540914 75.712869 0.005093 
60055.478067 75.689960 0.006725 
60073.472859 75.770369 0.007336 
60092.362326 75.852314 0.028072 
60132.273900 75.716711 0.012379 
60149.247974 75.730977 0.010429 
60168.056423 75.680917 0.006176 
60191.146469 75.695420 0.032525 
60254.917303 75.705671 0.000085 
60274.867187 75.672976 0.014753 
60296.797511 75.736770 0.001276 
60316.760011 75.706792 0.019298 
60359.628645 75.669455 0.090827 
60393.556886 75.671776 0.005592 
60398.535069 75.672690 0.00545 