58251.486285 9.024792 0.000185 
58284.419850 9.024792 0.000446 
58299.389641 9.024810 0.000323 
58333.264236 9.025117 0.000329 
58363.184259 9.025072 0.000305 
58378.140162 9.024627 0.000472 
58476.947859 9.024879 0.000240 
58504.833912 9.025196 0.000175 
58560.665972 9.024855 0.000166 
57690.986516 9.024483 0.000104 
57704.932581 9.024506 0.000104 
57720.080903 9.026037 0.000298 
57732.943692 9.024475 0.000133 
57745.955961 9.024514 0.000158 
57759.926100 9.024283 0.000210 
57773.882929 9.024634 0.000103 
57816.629688 9.024604 0.000104 
57829.641261 9.024611 0.000172 
57885.679977 9.024553 0.000157 
57894.615567 9.024815 0.000081 
57908.393692 9.024518 0.000193 
57935.384896 9.024832 0.000633 
57949.340683 9.024869 0.000180 
57963.377604 9.024677 0.000118 
57978.369155 9.024936 0.000164 
57991.231076 9.024436 0.000210 
58005.162790 9.024693 0.000146 
58068.939178 9.024506 0.000176 
58124.772627 9.024630 0.000117 
58138.796817 9.024432 0.000108 
59343.552951 9.024819 0.000113 
59376.372338 9.024818 0.000068 
59385.379109 9.024904 0.000393 
59406.334317 9.024747 0.000347 
59427.221354 9.025802 0.000408 
59446.228761 9.025128 0.000053 
59456.111632 9.025043 0.000444 
59475.112789 9.025734 0.000234 
59484.044734 9.025138 0.000044 
59492.160937 9.025156 0.000091 
59516.025752 9.025251 0.000244 
59527.900116 9.025096 0.000003 
59538.945254 9.025108 0.000428 
59545.913773 9.025188 0.000055 
59555.923669 9.025273 0.000074 
59565.757118 9.025365 0.000417 
59575.727720 9.025215 0.000080 
59587.698553 9.025163 0.000092 
59596.681308 9.025060 0.000268 
59604.650115 9.025315 0.000100 
59615.639583 9.025601 0.001525 
59627.646007 9.025432 0.000099 
59646.554688 9.025109 0.000054 
59656.518808 9.025371 0.000136 
59665.507581 9.025320 0.000058 
59772.230324 9.025259 0.000808 