58251.507524 10.248070 0.000697 
58266.451448 10.249054 0.000618 
58284.451736 10.246750 0.000920 
58333.314353 10.251843 0.000587 
58347.189410 10.248099 0.001136 
58378.163079 10.248700 0.000700 
58448.947454 10.248794 0.000259 
58462.919966 10.248278 0.000542 
58476.880614 10.246046 0.000748 
58504.765972 10.248089 0.000312 
58517.795603 10.248113 0.000492 
58560.599827 10.248654 0.000617 
57704.952837 10.248224 0.000222 
57720.107465 10.247997 0.000204 
57732.967189 10.247518 0.000310 
57745.977431 10.248614 0.000249 
57773.906771 10.248820 0.000202 
57816.650984 10.247192 0.000470 
57868.645892 10.246998 0.000326 
57885.700175 10.248264 0.000218 
57894.636749 10.248984 0.000371 
57908.415568 10.248230 0.000353 
57935.408161 10.248482 0.000356 
57949.364584 10.248658 0.000207 
57978.391725 10.249165 0.000230 
58005.185244 10.248691 0.000222 
58068.961922 10.248105 0.000183 
58110.844040 10.248514 0.000388 
58124.794966 10.248626 0.000276 
58138.818692 10.248209 0.000312 
58152.788658 10.248025 0.000285 
59343.516145 10.248788 0.000238 
59355.465509 10.247524 0.000329 
59385.346122 10.248421 0.000379 
59397.341319 10.248673 0.000315 
59406.302951 10.247696 0.000241 
59427.254744 10.248218 0.000289 
59446.198900 10.249741 0.000225 
59475.082118 10.248788 0.000180 
59484.014408 10.248285 0.000217 
59492.056538 10.247475 0.000207 
59516.055265 10.247927 0.000336 
59527.926851 10.248717 0.000176 
59538.973668 10.247957 0.000237 
59545.942244 10.248417 0.000255 
59555.953414 10.248155 0.000207 
59565.794385 10.248389 0.000155 
59575.758969 10.248479 0.000159 
59587.724420 10.248108 0.000224 
59596.725520 10.248326 0.000203 
59604.679918 10.248293 0.000169 
59615.666029 10.248157 0.000158 
59627.673032 10.248000 0.000245 
59635.607812 10.248027 0.000461 
59646.583969 10.247994 0.000146 
59656.545197 10.248365 0.000198 
59692.468228 10.248223 0.000017 
59719.364004 10.248110 0.000107 
59730.413599 10.247386 0.000142 
59749.312674 10.247380 0.000296 
59761.304918 10.248989 0.000388 
59772.257002 10.248998 0.000223 
59782.282059 10.248426 0.000221 
59789.254340 10.248692 0.000271 
59800.227141 10.249673 0.000268 
59829.123669 10.247905 0.000255 
59880.967303 10.248172 0.000145 
59898.922395 10.248304 0.000147 
59918.867650 10.248504 0.000175 
59939.764872 10.248163 0.000183 
60021.557696 10.248515 0.000183 
60055.498842 10.248342 0.000136 
60073.497221 10.248086 0.000190 
60092.387095 10.248080 0.000108 
60115.347337 10.248265 0.000187 
60132.296585 10.248507 0.000243 
60149.269270 10.248427 0.000117 
60191.124363 10.248262 0.000197 
60254.943576 10.247826 0.000089 
60274.937383 10.249101 0.000362 
60296.821295 10.248704 0.000198 
60316.781770 10.248099 0.000129 
60393.620659 10.248429 0.000106 
60398.559143 10.247972 0.000175 
60399.560879 10.248119 0.000197 