58347.211979 6.491354 0.000812
58363.239988 6.495819 0.002008
58462.947859 6.489819 0.001874
58476.902026 6.492235 0.000373
58504.787095 6.489389 0.004478
58517.813426 6.498814 0.021270
57704.971818 6.491253 0.000122
57720.126563 6.489837 0.000300
57732.982118 6.490615 0.000462
57773.926563 6.489862 0.000699
57868.664179 6.490253 0.000250
57894.655035 6.491669 0.000581
57908.435012 6.490537 0.000522
57935.428067 6.491352 0.000998
57949.382929 6.493392 0.001310
57963.420197 6.489635 0.003964
57991.275174 6.491718 0.002008
58005.225637 6.490070 0.001603
58068.979515 6.491548 0.000264
58110.865162 6.492113 0.001019