59741.407349 11.224867 0.000371
59889.910185 11.219931 0.000156
59908.930729 11.219984 0.000071
59928.849768 11.220030 0.000117
59952.710301 11.219797 0.000266
59970.658044 11.220052 0.000175
59989.613947 11.220021 0.000132
60029.519850 11.219765 0.000461
60063.423553 11.220157 0.000120
60083.391030 11.220247 0.000036
60121.252257 11.220183 0.000098
60139.209317 11.220234 0.000078
60160.188484 11.220501 0.000080
60178.168055 11.220272 0.000047
60196.129224 11.220659 0.000090
60245.063021 11.220586 0.000133
60268.014178 11.220546 0.000080
60285.966956 11.220484 0.000133
60305.012847 11.220647 0.000072
60326.919329 11.220691 0.000025
60348.829919 11.220663 0.000011
60367.762211 11.220947 0.000061
60386.682002 11.221257 0.000149