58389.276853 13.568065 0.001106 
58453.144155 13.567940 0.002086 
58566.817650 13.569136 0.001120 
57684.379977 13.569854 0.000243 
57698.313484 13.569102 0.001177 
57740.277951 13.569043 0.000467 
57782.108160 13.569611 0.000222 
57795.947397 13.569145 0.000148 
57823.919502 13.568816 0.000266 
57872.915104 13.568769 0.000440 
57885.763368 13.569928 0.002264 
57894.673438 13.569999 0.000951 
57897.874016 13.569318 0.000242 
57956.643345 13.569381 0.000218 
57963.437905 13.569476 0.000383 
57970.596933 13.569046 0.000164 
57978.430035 13.570101 0.000270 
57997.559549 13.569066 0.000177 
58076.273958 13.569451 0.000465 
58105.197339 13.569867 0.000326 
58133.081366 13.569542 0.000182 
58187.918172 13.569452 0.000206 