58259.837789 52.333169 0.000149
58276.690220 52.332156 0.001449
58322.519734 52.334150 0.000977
58355.433160 52.334547 0.000347
58389.300289 52.332578 0.000378
58440.253588 52.335116 0.000486
58524.060590 52.332848 0.000296
58551.939179 52.333730 0.001169
58566.840336 52.333133 0.000796
59348.836748 52.333200 0.000072
59359.838541 52.333318 0.000128
59370.668634 52.333666 0.000209
59380.677372 52.333583 0.000171
59391.574537 52.333262 0.000096
59403.643345 52.333399 0.000092
59413.546585 52.333679 0.000157
59441.492361 52.333265 0.000180
59449.437673 52.333661 0.000107
59460.444386 52.333504 0.000092
59469.361632 52.333459 0.000253
59481.441377 52.333800 0.000162
59489.383854 52.333726 0.000179
59496.341261 52.334014 0.000107
59520.251042 52.334509 0.000151
59531.246585 52.334455 0.000154
59540.326157 52.334571 0.000107
59551.203935 52.334174 0.000073
59560.224247 52.334511 0.000291
59569.123437 52.333981 0.000043
59580.164525 52.333729 0.000166
59590.156597 52.333583 0.000084
59600.041956 52.333807 0.000114
59609.989294 52.333830 0.000117
59620.947511 52.333700 0.000077
59630.097974 52.333733 0.000014
59644.036632 52.333922 0.000075
59649.868403 52.333714 0.000107
59659.878993 52.333999 0.000151
59671.823322 52.333908 0.000084
59695.821238 52.334530 0.000263
59705.853067 52.334184 0.000097
59718.877141 52.334263 0.000177
59725.851389 52.334295 0.000192
59734.836516 52.334395 0.000134
59756.672511 52.334281 0.000100
59777.633275 52.333745 0.000224
59788.631771 52.334135 0.000155
59796.604224 52.333608 0.000202
59805.567477 52.334020 0.000153
59816.568287 52.334213 0.000142
59826.487442 52.334128 0.000284
59837.555266 52.333680 0.000126
59846.454803 52.334018 0.000141
59887.286053 52.334200 0.000276
59905.265798 52.334748 0.000112
59925.148090 52.334220 0.000114
59944.060706 52.334254 0.000113
59964.134433 52.333901 0.000142
59985.973264 52.333431 0.000133
60005.911401 52.333806 0.000141
60013.933796 52.333763 0.000100
60023.828993 52.333711 0.000158
60061.832002 52.333909 0.000145
60082.730961 52.333627 0.000092
60098.678298 52.333366 0.000103
60117.684085 52.333583 0.000225
60138.611053 52.333209 0.000174
60156.517072 52.333518 0.000092
60174.476331 52.333271 0.000240
60195.444734 52.333559 0.000128
60259.225984 52.334152 0.000232
60286.180613 52.333610 0.000201
60301.102169 52.333952 0.000085
60318.062673 52.333903 0.000090
60338.137673 52.333845 0.000127
60358.934664 52.333891 0.000113
60377.938715 52.333581 0.000155
60397.996007 52.333412 0.000125