58259.865104 34.491785 0.001214 
58276.714178 34.491270 0.000954 
58307.614583 34.489490 0.000385 
58322.547975 34.491616 0.000958 
58566.865799 34.492317 0.000533 
57684.401794 34.491188 0.000282 
57698.337673 34.490058 0.000524 
57711.287789 34.491306 0.000524 
57726.382118 34.490935 0.000888 
57740.297164 34.490805 0.000542 
57754.200173 34.489840 0.000309 
57782.128877 34.489922 0.000304 
57837.905729 34.489805 0.000454 
57872.934085 34.491044 0.000525 
57894.694502 34.491133 0.000312 
57911.840220 34.490324 0.000735 
57970.616724 34.489891 0.000580 
57985.588831 34.491430 0.000563 
57997.579109 34.490763 0.000565 
58012.465625 34.489841 0.000612 
58062.384028 34.491040 0.000749 
58076.295486 34.489807 0.000363 
58133.102315 34.489283 0.000602 
58147.109722 34.489621 0.000677 
58160.049768 34.488730 0.000740 
58187.939005 34.488912 0.000687 