58276.739757 18.425768 0.000432 
58322.572396 18.425020 0.000446 
58340.541667 18.425985 0.000156 
58371.452431 18.426842 0.001031 
58389.327778 18.427287 0.000773 
58440.315683 18.426344 0.000404 
58453.225637 18.427330 0.000373 
58467.210591 18.426259 0.000565 
58481.167130 18.426323 0.000185 
58510.051679 18.426499 0.000739 
58524.034201 18.426092 0.000217 
58551.915683 18.426231 0.000470 
57684.431540 18.426601 0.000193 
57726.402373 18.426468 0.000366 
57740.317188 18.426300 0.000357 
57768.249132 18.426087 0.000220 
57782.149710 18.426708 0.000346 
57796.015451 18.426403 0.000154 
57823.964525 18.426464 0.000732 
57837.930497 18.426365 0.000755 
57897.911285 18.426316 0.000193 
57942.851447 18.426480 0.000322 
57956.683507 18.426890 0.000472 
57970.636632 18.426078 0.000177 
57985.608507 18.426960 0.000711 
57997.598322 18.426804 0.000104 
58012.526042 18.425839 0.000238 
58076.380613 18.426750 0.000595 
58133.130671 18.426155 0.000488 
58147.133449 18.426366 0.000138 