58241.854572 62.393769 0.000138 
58259.808623 62.392984 0.000219 
58276.768576 62.393097 0.000316 
58322.596354 62.393001 0.000304 
58340.564931 62.393141 0.000497 
58355.514178 62.393238 0.000184 
58371.475289 62.392429 0.000492 
58389.373438 62.393210 0.000312 
58440.340336 62.393166 0.000182 
58467.233970 62.393873 0.000276 
58481.201620 62.392817 0.000556 
58510.124306 62.391574 0.000700 
58524.108912 62.393078 0.000277 
58566.921470 62.393039 0.000212 
58781.342014 62.393284 0.000140 
58792.365567 62.393804 0.000125 
58804.392246 62.393837 0.000105 
58813.372512 62.394019 0.000170 
58837.244734 62.393629 0.000141 
58844.152084 62.393666 0.000160 
58854.102026 62.393730 0.000114 
58865.112327 62.393495 0.000091 
58892.997570 62.393401 0.000143 
58902.985359 62.393017 0.000138 
58914.089757 62.393698 0.000172 
58922.094850 62.392831 0.000145 
58992.922049 62.392968 0.000184 
59000.886979 62.391865 0.000185 
59008.734896 62.393256 0.000178 
59015.850752 62.393496 0.000154 
59022.777836 62.393210 0.000156 
59032.825173 62.393224 0.000160 
59037.808970 62.393036 0.000171 
59044.763368 62.391933 0.000302 
59062.560764 62.392818 0.000207 
59075.530961 62.392458 0.000196 
59082.528298 62.393107 0.000213 
59093.616030 62.392198 0.000225 
59100.573322 62.392672 0.000190 
59106.615220 62.393025 0.000179 
59113.499711 62.391351 0.000352 
59133.355845 62.392686 0.000177 
59187.327257 62.392616 0.000217 
59196.293924 62.392771 0.000215 
59208.327083 62.392407 0.000209 
59217.196122 62.392024 0.000188 
59230.140798 62.392327 0.000191 
59238.278877 62.392283 0.000183 
59264.060764 62.391909 0.000199 
59272.026910 62.391882 0.000150 
59280.944155 62.392299 0.000116 
59287.956828 62.391987 0.000154 
59300.906655 62.392071 0.000181 
59308.954282 62.392175 0.000184 
59348.880150 62.392029 0.000186 
59359.880034 62.391763 0.000146 
59370.707060 62.391695 0.000241 
59380.715162 62.391403 0.000211 
59391.613252 62.392069 0.000269 
59403.683160 62.392095 0.000296 
59425.576736 62.392028 0.000276 
59441.457060 62.391829 0.000262 
59449.400521 62.392425 0.000359 
59460.407350 62.392156 0.000273 
59469.399595 62.391792 0.000261 
59481.403646 62.392070 0.000239 
59489.421643 62.391346 0.000256 
59496.376794 62.391691 0.000267 
59520.208449 62.391820 0.000206 
59531.198495 62.391610 0.000167 
59540.367650 62.390805 0.000142 
59551.155671 62.391467 0.000147 
59569.167535 62.391004 0.000093 
59580.276909 62.390736 0.000109 
59590.239757 62.391118 0.000151 
59600.082697 62.391065 0.000118 
59610.077257 62.391043 0.000099 
59621.030208 62.390621 0.000100 
59629.932696 62.390790 0.000013 
59644.119386 62.390860 0.000074 
59649.923148 62.390637 0.000106 
59659.959838 62.390687 0.000087 
59671.864815 62.390631 0.000079 
59695.854572 62.390407 0.000123 
59705.817650 62.390685 0.000122 
59718.841493 62.390519 0.000125 
59725.885937 62.390796 0.000091 
59734.803183 62.390830 0.000172 
59756.639236 62.390396 0.000152 
59767.665856 62.390556 0.000152 
59777.599768 62.390342 0.000145 
59788.596585 62.390394 0.000133 
59796.567882 62.390575 0.000153 
59805.531308 62.390877 0.000183 
59826.613079 62.390692 0.000176 
59846.413542 62.390718 0.000185 
59887.321007 62.390997 0.000143 
59905.363252 62.390165 0.000237 
59925.111632 62.390548 0.000169 
59944.135185 62.390472 0.000168 
59964.171817 62.390183 0.000190 
59986.007812 62.390429 0.000187 
60005.948669 62.390431 0.000179 
60013.967708 62.390634 0.000184 
60023.866319 62.390568 0.000182 
60061.866261 62.390135 0.000164 
60082.765220 62.390658 0.000187 
60098.713657 62.390611 0.000201 
60117.650173 62.390260 0.000220 
60138.575521 62.390396 0.000190 
60156.561979 62.390087 0.000186 
60174.509780 62.390145 0.000190 
60195.478298 62.389712 0.000177 
60259.255729 62.390589 0.000190 
60286.210937 62.390797 0.000182 
60301.135011 62.390548 0.000194 
60318.095428 62.390498 0.000149 
60338.167766 62.390483 0.000208 
60358.976794 62.390087 0.000206 
60377.968866 62.390197 0.000191 
60397.883391 62.390912 0.000169 