58259.921123 15.988147 0.000402 
58276.791551 15.988079 0.000084 
58340.587905 15.988399 0.000623 
58389.395544 15.988084 0.000286 
58440.363252 15.989216 0.000680 
58467.256887 15.990073 0.000245 
58481.223206 15.988224 0.000464 
58524.132002 15.988518 0.000271 
58552.133507 15.989037 0.000420 
58566.942419 15.987710 0.001067 
57684.458739 15.988777 0.000189 
57698.403415 15.989212 0.000192 
57726.425290 15.989199 0.000258 
57740.341146 15.988862 0.000212 
57754.243229 15.989176 0.000227 
57768.271007 15.989119 0.000291 
57782.171933 15.989016 0.000213 
57796.035591 15.988965 0.000287 
57823.990683 15.988155 0.000414 
57837.956771 15.987805 0.000451 
57885.858392 15.988600 0.000240 
57897.930498 15.989071 0.000249 
57911.879803 15.989033 0.000405 
57942.901447 15.988932 0.000285 
57997.616667 15.988254 0.000640 
58012.486170 15.988588 0.000262 
58076.316088 15.988143 0.000284 
58133.157523 15.989470 0.000251 
58147.157118 15.989535 0.000554 
58160.070313 15.988937 0.000222 
58781.381655 15.988715 0.000063 
58792.405382 15.988760 0.000049 
58804.303993 15.988969 0.000062 
58813.424248 15.988849 0.000030 
58833.156887 15.988705 0.000036 
58844.102662 15.988794 0.000049 
58854.058449 15.988843 0.000063 
58865.155382 15.988848 0.000047 
58903.030266 15.988823 0.000072 
58914.043519 15.988790 0.000062 
58922.050116 15.988840 0.000061 
58993.006829 15.988690 0.000071 
59008.778125 15.988644 0.000075 
59015.894155 15.988744 0.000075 
59022.681944 15.988693 0.000033 
59032.908507 15.988725 0.000108 
59037.898322 15.988783 0.000060 
59044.852199 15.988727 0.000054 
59062.603819 15.988761 0.000039 
59075.574016 15.988898 0.000051 
59082.571470 15.988818 0.000056 
59093.659548 15.988863 0.000159 
59100.662963 15.988805 0.000054 
59106.658275 15.988781 0.000045 
59156.471354 15.988719 0.000082 
59166.377199 15.988736 0.000068 
59175.336632 15.988695 0.000036 
59187.371007 15.988639 0.000055 
59196.338252 15.988695 0.000080 
59208.370428 15.988611 0.000054 
59217.239525 15.988673 0.000037 
59230.185475 15.988634 0.000039 
59238.224826 15.988658 0.000050 
59252.081655 15.988717 0.000035 
59264.108507 15.988571 0.000041 
59272.073264 15.988633 0.000031 
59280.989641 15.988587 0.000037 
59288.001042 15.988614 0.000073 
59300.950926 15.988549 0.000010 
59309.056771 15.988611 0.000051 