58241.899537 9.624736 0.000629 
58259.949479 9.624997 0.000696 
58276.814178 9.624884 0.000450 
58322.643056 9.624142 0.000707 
58340.610706 9.625659 0.000356 
58355.567245 9.625474 0.000213 
58371.523438 9.625595 0.001438 
58389.417593 9.624024 0.000398 
58440.386574 9.626640 0.000113 
58481.244503 9.625538 0.000433 
58524.154803 9.626086 0.000332 
58552.154803 9.626120 0.000410 
58566.963484 9.626168 0.000304 
57684.480267 9.625193 0.000313 
57698.421934 9.624949 0.000125 
57711.356193 9.624695 0.000147 
57726.447049 9.625270 0.000246 
57754.262905 9.624770 0.000178 
57768.291146 9.624602 0.000175 
57782.191610 9.625070 0.000165 
57796.055035 9.624878 0.000138 
57809.969040 9.624962 0.000194 
57824.010359 9.624203 0.000767 
57837.976100 9.624454 0.000122 
57872.996123 9.624940 0.000129 
57885.876100 9.624692 0.000134 
57897.948611 9.624798 0.000156 
57911.898207 9.624541 0.000169 
57928.722859 9.624712 0.000227 
57942.872164 9.624834 0.000135 
57956.724363 9.624798 0.000434 
57970.675174 9.624862 0.000243 
57985.646470 9.625147 0.000262 
57997.635590 9.624530 0.000231 
58012.546586 9.625265 0.000309 
58062.449711 9.625011 0.000162 
58076.405787 9.625293 0.000182 
58133.178415 9.625189 0.000183 
58147.177952 9.625059 0.000183 
58160.090625 9.625085 0.000184 
58188.008449 9.625096 0.000154 
59695.919097 9.626481 0.000293 
59705.920080 9.627328 0.000271 
59725.913136 9.626511 0.000251 
59734.898668 9.626571 0.000232 
59756.735590 9.625679 0.000243 
59767.766724 9.626602 0.000164 
59777.698785 9.626359 0.000211 
59788.698727 9.626505 0.000203 
59796.670544 9.626323 0.000169 
59805.636979 9.626578 0.000254 
59816.669734 9.626401 0.000123 
59826.513252 9.626535 0.000177 
59846.607060 9.626392 0.000391 
59887.350405 9.626647 0.000156 
59905.295891 9.626637 0.000116 
59925.180382 9.628638 0.000422 
59944.250057 9.626329 0.000242 
59964.242997 9.626670 0.000187 
59986.087789 9.626945 0.000128 
60013.996354 9.626990 0.000157 
60023.896817 9.626785 0.000165 
60061.935705 9.627110 0.000192 
60082.794270 9.626798 0.000127 
60098.747511 9.627051 0.000008 
60117.750173 9.627267 0.000158 
60138.676678 9.627036 0.000167 
60156.659375 9.627473 0.000276 
60174.538483 9.627230 0.000105 
60195.506655 9.627500 0.000320 
60259.312094 9.627441 0.000188 
60286.275983 9.628297 0.000233 
60301.162094 9.628244 0.000238 
60318.153530 9.627792 0.000144 
60338.224653 9.627479 0.000195 
60359.034548 9.627169 0.000123 
60378.025984 9.627784 0.000140 
60397.968460 9.627124 0.000110 