59348.966261 3.138515 0.000017 
59359.965567 3.138520 0.000030 
59370.799132 3.138347 0.000039 
59380.794734 3.138543 0.000030 
59391.692187 3.138582 0.000042 
59403.763426 3.138495 0.000036 
59413.676447 3.138612 0.000041 
59425.654109 3.138541 0.000040 
59441.567419 3.138522 0.000039 
59449.515336 3.138550 0.000019 
59460.522974 3.138539 0.000034 
59468.426215 3.138459 0.000089 
59469.477257 3.138487 0.000022 
59481.519734 3.138576 0.000039 
59489.497396 3.138473 0.000036 
59496.452836 3.138565 0.000022 
59520.333160 3.138624 0.000036 
59531.289004 3.138580 0.000065 
59540.285359 3.138581 0.000035 
59551.287442 3.138681 0.000029 
59580.094386 3.138788 0.000047 
59590.280613 3.138834 0.000033 
59600.169097 3.138661 0.000023 
59610.118808 3.138597 0.000019 
59630.055382 3.138643 0.000026 
59644.160127 3.138607 0.000029 
59650.004224 3.138562 0.000018 
59659.919502 3.138583 0.000023 
59671.947280 3.138555 0.000020 
59695.984317 3.138552 0.000039 
59705.985301 3.138591 0.000028 
59719.013252 3.138541 0.000032 
59725.941724 3.138574 0.000028 
59734.871238 3.138569 0.000034 
59756.707292 3.138564 0.000034 
59767.830845 3.138611 0.000032 
59777.669676 3.138578 0.000044 
59788.763484 3.138578 0.000026 
59796.761285 3.138647 0.000022 
59805.703588 3.138602 0.000042 
59816.698553 3.138631 0.000034 
59826.686921 3.138628 0.000039 
59846.634433 3.138697 0.000025 
59887.381655 3.138759 0.000044 
59905.326910 3.138752 0.000029 
59944.173090 3.138815 0.000021 
59964.210243 3.138731 0.000029 
59986.057176 3.138672 0.000032 
60006.006886 3.138675 0.000031 
60014.027141 3.138651 0.000023 
60023.928704 3.138693 0.000023 
60082.825173 3.138719 0.000033 
60098.780961 3.138662 0.000026 
60117.719618 3.138672 0.000023 
60138.646470 3.138724 0.000033 
60156.628356 3.138688 0.000047 
60174.568924 3.138757 0.000030 
60195.537558 3.138799 0.000047 
60259.285359 3.138865 0.000021 
60301.189526 3.139295 0.000035 
60318.126562 3.138912 0.000026 
60338.251794 3.138875 0.000029 
60359.006770 3.138718 0.000005 
60397.942014 3.138748 0.000037 