58241.945834 13.301841 0.001522 
58260.001331 13.303172 0.000276 
58276.859305 13.302585 0.000774 
58322.689641 13.302862 0.000371 
58340.656134 13.303373 0.000584 
58355.612558 13.303244 0.000242 
58389.461458 13.302928 0.000247 
58440.437906 13.301884 0.000427 
58481.313599 13.303764 0.000904 
58524.200289 13.303238 0.000541 
58552.196354 13.302904 0.000188 
58567.010937 13.301950 0.000627 
57684.517592 13.301771 0.000465 
57698.462327 13.302630 0.000181 
57711.392709 13.302959 0.000308 
57740.399827 13.302857 0.000336 
57759.190162 13.303122 0.000364 
57768.330382 13.302461 0.000249 
57782.230150 13.303139 0.000388 
57796.093692 13.302856 0.000246 
57810.007234 13.302415 0.000291 
57838.014526 13.302542 0.000243 
57873.031656 13.302653 0.000145 
57885.911632 13.302723 0.000136 
57897.983855 13.302726 0.000098 
57911.934548 13.302713 0.000195 
57928.759202 13.302402 0.000543 
57942.937211 13.302308 0.000157 
57956.761864 13.302668 0.000184 
57970.713716 13.302617 0.000218 
57997.673785 13.302819 0.000339 
58012.565683 13.302752 0.000302 
58064.518924 13.302279 0.000295 
58133.244618 13.302775 0.000331 
58160.152431 13.302964 0.000249 
58188.072685 13.302930 0.000252 
58781.448727 13.303332 0.000205 
58792.445892 13.303183 0.000179 
58804.348553 13.302675 0.000191 
58813.466898 13.302667 0.000088 
58833.260070 13.302554 0.000087 
58844.197396 13.302302 0.000100 
58854.146759 13.302122 0.000186 
58865.199826 13.302410 0.000244 
58874.048727 13.302525 0.000832 
58903.078530 13.302546 0.000119 
58914.182928 13.302841 0.000136 
58922.142535 13.302310 0.000126 
59349.043692 13.301340 0.000246 
59360.039641 13.302050 0.000437 
59370.871470 13.301509 0.000217 
59380.863599 13.302168 0.000224 
59391.765046 13.301973 0.000297 
59403.835474 13.301689 0.000160 
59425.728183 13.301443 0.000125 
59441.608044 13.302014 0.000255 
59449.587094 13.302150 0.000397 
59460.592477 13.301390 0.000176 
59469.548553 13.301410 0.000260 
59481.588600 13.301712 0.000200 
59489.566493 13.302112 0.000210 
59496.522049 13.301003 0.000282 
59520.408738 13.301415 0.000277 
59531.404630 13.301729 0.000209 
59540.569155 13.301355 0.000386 
59551.322801 13.301488 0.000216 
59569.327257 13.301911 0.000301 
59580.202141 13.301545 0.000201 
59590.354340 13.301531 0.000280 
59610.195428 13.301701 0.000440 
59621.145775 13.301613 0.000202 
59630.216146 13.302832 0.000533 
59644.276909 13.300649 0.000284 
59650.037558 13.301429 0.000371 
59660.101852 13.301606 0.000194 
59672.023843 13.301413 0.000366 
59696.017997 13.301175 0.000288 
59706.017534 13.301702 0.000297 
59719.045891 13.301674 0.000191 
59726.051910 13.301276 0.000160 
59734.996470 13.301662 0.000201 
59756.834838 13.301552 0.000258 
59767.899132 13.301523 0.000351 
59777.836516 13.302230 0.000246 
59788.795428 13.301047 0.000303 
59796.808507 13.301353 0.000108 
59805.736284 13.301918 0.000353 
59816.786169 13.301711 0.000165 
59826.578646 13.301845 0.000221 
59837.752720 13.301740 0.000162 
59846.529398 13.301051 0.000322 
59887.494444 13.301061 0.000161 
59905.474363 13.302329 0.000311 
59925.375116 13.301411 0.000120 
59944.224826 13.301337 0.000123 
59964.271412 13.301217 0.000297 
59986.193460 13.301045 0.000216 
60006.118345 13.300935 0.000008 
60014.131539 13.301003 0.000148 
60024.095197 13.301065 0.000176 
60062.038599 13.301197 0.000369 
60082.940104 13.300935 0.000261 
60098.853877 13.300917 0.000212 
60117.854572 13.300532 0.000424 
60138.805324 13.299700 0.000303 
60174.681771 13.300382 0.000198 
60259.404340 13.300580 0.000140 
60286.361632 13.300424 0.000190 
60301.253183 13.300701 0.000205 
60318.246643 13.300455 0.000135 
60338.308565 13.300931 0.000331 
60359.127257 13.300675 0.000325 
60378.114699 13.300457 0.000220 
60398.083854 13.300626 0.000238 