58241.968750 10.390778 0.000257 
58260.027489 10.390297 0.000158 
58276.890799 10.390973 0.000200 
58322.713600 10.390870 0.000071 
58340.679398 10.390647 0.000166 
58355.635648 10.390642 0.000048 
58371.632060 10.391097 0.000213 
58440.464352 10.390960 0.000113 
58481.335706 10.390958 0.000157 
58524.241204 10.391271 0.000437 
58552.217708 10.390744 0.000120 
58567.032292 10.390964 0.000130 
57711.413484 10.391098 0.000080 
57740.419850 10.391094 0.000123 
57759.209549 10.391319 0.000143 
57768.350405 10.391152 0.000096 
57782.250058 10.390988 0.000184 
57796.113368 10.391191 0.000060 
57873.049711 10.390921 0.000107 
57885.958392 10.390955 0.000058 
57898.001736 10.390985 0.000052 
57911.953183 10.390697 0.000164 
57970.732581 10.390893 0.000114 
57985.703530 10.390919 0.000083 
57997.693576 10.390928 0.000076 
58012.584665 10.390999 0.000086 
58064.547222 10.390927 0.000106 
58133.265046 10.390817 0.000089 
58160.173495 10.390864 0.000120 
58188.093577 10.390792 0.000079 
58992.876910 10.390959 0.000023 
59000.965972 10.390976 0.000043 
59008.821470 10.390976 0.000014 
59015.937674 10.390947 0.000026 
59022.866840 10.390974 0.000020 
59032.780440 10.390965 0.000052 
59037.853646 10.391001 0.000018 
59044.894965 10.390993 0.000019 
59075.662037 10.391054 0.000015 
59082.670197 10.391061 0.000019 
59093.745081 10.391064 0.000024 
59100.704803 10.391075 0.000026 
59106.701331 10.391093 0.000011 
59113.586574 10.390983 0.000073 
59133.442419 10.391113 0.000019 
59156.514988 10.391115 0.000019 
59166.413368 10.391152 0.000020 
59175.380671 10.391204 0.000017 
59187.414988 10.391081 0.000028 
59196.381424 10.391186 0.000013 
59208.413484 10.391265 0.000026 
59217.282928 10.391275 0.000024 
59230.230787 10.391213 0.000023 
59238.324711 10.391320 0.000021 
59252.128530 10.391208 0.000017 
59264.157986 10.391282 0.000022 
59272.121238 10.391286 0.000015 
59281.083623 10.391280 0.000025 
59288.045833 10.391282 0.000039 
59301.042187 10.391242 0.000022 
59309.176967 10.391296 0.000027 
59349.008333 10.391198 0.000014 
59360.006076 10.391146 0.000021 
59370.837500 10.391212 0.000032 
59380.831539 10.391155 0.000020 
59391.732581 10.391034 0.000017 
59403.803761 10.391020 0.000010 
59413.713252 10.390988 0.000092 
59425.694271 10.390977 0.000028 
59441.684317 10.391007 0.000015 
59449.552141 10.391036 0.000019 
59460.559954 10.390988 0.000018 
59469.515220 10.391021 0.000015 
59481.556655 10.390992 0.000013 
59489.534259 10.391011 0.000014 
59496.489641 10.391011 0.000017 
59520.374132 10.390994 0.000019 
59531.370370 10.390991 0.000017 
59540.493461 10.390972 0.000013 
59551.445197 10.391038 0.000025 
59560.392129 10.391042 0.000023 
59569.293171 10.391020 0.000016 
59580.236748 10.390997 0.000015 
59590.320660 10.391068 0.000018 
59600.217882 10.390961 0.000020 
59610.160532 10.390968 0.000020 
59630.181308 10.390899 0.000010 
59644.078183 10.390878 0.000014 
59650.110127 10.390818 0.000011 
59660.042187 10.390837 0.000012 
59671.988715 10.390808 0.000013 
59695.947396 10.390809 0.000013 
59705.948437 10.390784 0.000012 
59718.975058 10.390792 0.000011 
59726.018634 10.390803 0.000017 
59734.927373 10.390777 0.000018 
59756.763889 10.390765 0.000024 
59767.794734 10.390773 0.000013 
59777.727372 10.390770 0.000019 
59788.726678 10.390756 0.000018 
59796.840625 10.390774 0.000014 
59805.665914 10.390769 0.000023 
59816.736863 10.390756 0.000012 
59846.578819 10.390820 0.000021 
59887.460127 10.390760 0.000012 
59925.312789 10.390903 0.000016 
59944.308854 10.391095 0.000015 
59964.344734 10.391008 0.000019 
59986.159375 10.390668 0.000012 
60006.082870 10.390581 0.000003 
60014.158912 10.390599 0.000015 
60024.008160 10.390548 0.000012 
60062.005266 10.390506 0.000013 
60082.906192 10.390529 0.000013 
60098.966609 10.390520 0.000013 
60117.819271 10.390523 0.000020 
60138.730440 10.390535 0.000014 
60156.720602 10.390486 0.000010 
60174.647049 10.390552 0.000012 
60195.612500 10.390587 0.000021 
60259.374247 10.390581 0.000027 
60286.302835 10.390641 0.000018 
60301.282581 10.390784 0.000019 
60318.216377 10.391034 0.000019 
60338.197511 10.390659 0.000014 
60359.097049 10.390492 0.000012 
60378.054340 10.390474 0.000013 
60398.024942 10.390451 0.000015 