58241.993981 71.017520 0.000133 
58260.062847 71.017244 0.000078 
58276.914236 71.017218 0.000094 
58307.818692 71.016540 0.000134 
58322.736111 71.016785 0.000093 
58340.711980 71.016478 0.000091 
58355.657523 71.016512 0.000096 
58371.666320 71.016140 0.000111 
58440.505382 71.016698 0.000122 
58453.416204 71.016093 0.000118 
58467.394734 71.016442 0.000143 
58481.365394 71.016613 0.000112 
58524.268344 71.016559 0.000102 
58567.052835 71.016670 0.000106 
58781.494849 71.016779 0.000039 
58792.490162 71.016904 0.000028 
58804.438542 71.016899 0.000022 
58813.328414 71.016838 0.000023 
58833.201215 71.016876 0.000026 
58844.245197 71.016912 0.000024 
58854.191782 71.017017 0.000024 
58865.245312 71.016911 0.000028 
58874.091609 71.016862 0.000027 
58893.127257 71.016744 0.000024 
58903.123495 71.016637 0.000027 
58914.138426 71.016609 0.000027 
58922.187326 71.016598 0.000026 
58992.965046 71.016391 0.000023 
59001.049248 71.016408 0.000023 
59008.866262 71.016465 0.000023 
59015.980961 71.016437 0.000024 
59022.730150 71.016372 0.000027 
59032.867130 71.016465 0.000023 
59037.939525 71.016525 0.000020 
59044.938021 71.016543 0.000024 
59062.667072 71.016426 0.000032 
59075.617766 71.016433 0.000029 
59082.626042 71.016453 0.000031 
59093.789178 71.016593 0.000028 
59100.528993 71.016550 0.000030 
59106.742882 71.016568 0.000029 
59113.542419 71.016728 0.000038 
59133.485012 71.016886 0.000023 
59187.460011 71.016887 0.000017 
59196.425752 71.016935 0.000017 
59208.500868 71.017019 0.000017 
59217.330787 71.017057 0.000020 
59230.279687 71.017005 0.000026 
59238.386516 71.016987 0.000027 
59252.183970 71.016894 0.000030 
59272.165162 71.016775 0.000031 
59281.036632 71.016843 0.000027 
59288.091840 71.016792 0.000030 
59300.996296 71.016577 0.000035 
59309.008970 71.016516 0.000038 
59349.073090 71.016161 0.000032 
59360.068403 71.016154 0.000022 
59370.902488 71.015917 0.000023 
59380.939873 71.015737 0.000025 
59391.792303 71.015588 0.000024 
59403.873090 71.015761 0.000026 
59417.879803 71.015783 0.000026 
59425.753993 71.015704 0.000026 
59441.647280 71.015675 0.000022 
59449.625289 71.015691 0.000027 
59460.620081 71.015770 0.000029 
59469.576620 71.015681 0.000028 
59481.664410 71.015677 0.000027 
59489.637731 71.015707 0.000024 
59496.632118 71.015792 0.000027 
59520.476331 71.015746 0.000023 
59531.430151 71.015887 0.000023 
59540.604803 71.016003 0.000022 
59551.478414 71.016224 0.000025 
59560.456308 71.016293 0.000029 
59569.353530 71.016267 0.000024 
59580.133391 71.016280 0.000028 
59590.382986 71.016252 0.000028 
59600.277488 71.016382 0.000033 
59610.225636 71.016421 0.000033 
59621.171412 71.016347 0.000038 
59630.021933 71.016327 0.000033 
59644.305903 71.016180 0.000031 
59650.078588 71.016162 0.000026 
59660.074248 71.016118 0.000023 
59672.093229 71.016142 0.000024 
59696.082002 71.016130 0.000030 
59706.082813 71.016086 0.000031 
59719.110012 71.016031 0.000037 
59726.074363 71.015852 0.000037 
59735.015799 71.015778 0.000032 
59756.926331 71.015677 0.000033 
59767.917188 71.015716 0.000040 
59777.880729 71.015731 0.000030 
59788.856886 71.015587 0.000032 
59796.787037 71.015547 0.000028 
59805.799827 71.015515 0.000029 
59816.764294 71.015544 0.000027 
59826.712963 71.015616 0.000026 
59837.804802 71.015592 0.000030 
59846.551331 71.015540 0.000027 
59887.591551 71.015725 0.000033 
59905.532812 71.015671 0.000037 
59925.245081 71.015717 0.000021 
59944.201273 71.015682 0.000020 
59964.409433 71.015611 0.000021 
59986.252720 71.015512 0.000026 
60006.175463 71.015481 0.000028 
60014.220776 71.015534 0.000025 
60024.039178 71.015545 0.000024 
60062.134375 71.015400 0.000020 
60083.036516 71.015596 0.000003 
60099.032812 71.015565 0.000024 
60117.944733 71.015473 0.000021 
60138.701331 71.015547 0.000026 
60156.753183 71.015601 0.000025 
60174.737673 71.015639 0.000029 
60195.756308 71.015400 0.000034 
60259.518460 71.015444 0.000034 
60286.413772 71.015561 0.000032 
60301.358738 71.015533 0.000041 
60318.324247 71.015101 0.000048 
60338.390798 71.014874 0.000030 
60359.202662 71.014615 0.000032 
60378.139294 71.014370 0.000038 
60398.134317 71.014250 0.000033 