59696.145543 24.354730 0.000533 
59706.101157 24.353892 0.000275 
59719.130323 24.354508 0.000341 
59726.094039 24.354286 0.000283 
59735.036863 24.354691 0.000150 
59756.899479 24.354739 0.000388 
59767.935359 24.354480 0.000168 
59777.862558 24.353776 0.000389 
59788.875347 24.354282 0.000625 
59796.730266 24.353837 0.000285 
59805.818808 24.353715 0.000103 
59816.812037 24.353988 0.000358 
59826.731018 24.353708 0.000161 
59837.784085 24.352917 0.000454 
59846.703761 24.353759 0.000391 
59887.526099 24.353106 0.000261 
59905.506423 24.353430 0.000132 
59925.346701 24.353587 0.000186 
59944.275694 24.353346 0.000204 
59964.382002 24.353246 0.000214 
59986.224653 24.352929 0.000250 
60006.147164 24.354034 0.000421 
60024.064525 24.353389 0.000263 
60062.106481 24.353892 0.000130 
60083.007696 24.353623 0.000183 
60099.004919 24.353509 0.000039 
60117.921933 24.353619 0.000190 
60138.835937 24.353882 0.000294 
60156.783275 24.353582 0.000187 
60213.806308 24.354173 0.000374 
60259.458275 24.354354 0.000138 
60286.332407 24.354764 0.000266 
60301.335127 24.355121 0.000276 
60318.299247 24.354984 0.000535 
60338.280324 24.355002 0.000288 
60359.179803 24.353763 0.000662 
60378.084664 24.354245 0.000195 
60398.055092 24.354198 0.000309 