58260.103762 4.590880 0.001057
58276.938252 4.593477 0.000508
58307.841493 4.594266 0.000753
58322.757234 4.592831 0.000311
58340.733160 4.592547 0.000667
58355.678414 4.593560 0.000458
58371.698206 4.592614 0.000901
58453.439410 4.592682 0.000478
58467.419097 4.593033 0.002085
58481.383217 4.593490 0.001586
58524.292998 4.592584 0.000505
58567.072396 4.603446 0.007573
59156.630961 4.591217 0.000398
59187.549247 4.593983 0.000391
59208.456076 4.592793 0.000225
59217.415220 4.592981 0.000097
59230.371528 4.592686 0.000312
59238.472916 4.592629 0.000549
59264.254398 4.593154 0.000304
59281.176967 4.593119 0.000125
59288.180613 4.593403 0.000359
59301.131423 4.592645 0.000151
59309.148090 4.591632 0.000443
59349.117650 4.592520 0.000399
59360.102257 4.592350 0.000530
59370.937905 4.592311 0.000198
59391.825521 4.592763 0.000280
59403.913194 4.592571 0.000269
59413.775347 4.592546 0.000253
59425.788947 4.592577 0.000312
59441.718345 4.592756 0.000223
59449.660069 4.592818 0.000195
59460.653530 4.592563 0.000225
59469.610706 4.592688 0.000221
59489.602720 4.592415 0.000225
59496.556886 4.593231 0.000267
59520.444271 4.592461 0.000424
59531.463310 4.592692 0.000675
59540.535011 4.591897 0.000387
59551.402199 4.592836 0.000145
59569.385706 4.592979 0.000168
59580.321123 4.593946 0.000472
59590.414062 4.592883 0.000167
59600.308507 4.593714 0.000233
59610.257928 4.592758 0.000327
59621.203761 4.592939 0.000146
59630.250636 4.591570 0.000377
59644.242708 4.593250 0.000159
59650.152835 4.592886 0.000263
59660.178298 4.592812 0.000308
59672.059606 4.592810 0.000224
59696.114294 4.592508 0.000349
59706.052488 4.592865 0.000089
59719.081655 4.591863 0.000423
59735.069329 4.591628 0.000758
59756.953472 4.593119 0.000234
59767.868460 4.592463 0.000460
59777.907581 4.590595 0.000613
59788.830266 4.591640 0.000325
59796.878877 4.591794 0.000325
59805.771990 4.592796 0.000116
59816.848785 4.592940 0.000278
59826.774247 4.592159 0.000503
59846.735532 4.594215 0.000477
59905.565451 4.592621 0.000533
59925.409838 4.591698 0.000370
59944.346528 4.591906 0.000688
59964.432813 4.592895 0.000320
59986.319444 4.592693 0.000182
60014.250984 4.592683 0.000196
60098.927488 4.592133 0.000180
60117.976331 4.592553 0.000112
60156.818519 4.592103 0.000297
60174.802488 4.593032 0.000073
60286.431424 4.593617 0.000482
60301.384896 4.592394 0.000218
60318.348958 4.592555 0.000154
60338.340220 4.593144 0.000172
60359.226852 4.593298 0.000177
60378.176215 4.592886 0.000235
60398.160706 4.591420 0.000344