58242.072165 9.001417 0.000086 
58260.130035 9.002096 0.000364 
58276.956540 9.001183 0.000119 
58307.863716 9.000254 0.000268 
58322.785128 9.001013 0.000177 
58340.756598 9.001818 0.000582 
58355.701563 9.000987 0.000109 
58371.720660 9.001328 0.000110 
58453.462095 9.000786 0.000240 
58467.442188 9.000238 0.000406 
58524.316146 9.001645 0.000472 
58567.104283 9.002383 0.000553 
58782.655903 9.001669 0.000059 
58792.533450 9.001365 0.000184 
58804.484607 9.001635 0.000098 
58813.505382 9.001527 0.000131 
58833.324041 9.001661 0.000090 
58844.289989 9.001533 0.000062 
58854.237674 9.001666 0.000083 
58865.290104 9.001609 0.000099 
58893.166551 9.002156 0.000106 
58903.166088 9.001994 0.000064 
58914.213773 9.001841 0.000113 
58922.225926 9.001557 0.000385 
58993.045313 9.001525 0.000077 
59001.089293 9.001745 0.000196 
59008.910243 9.001582 0.000098 
59016.025057 9.001440 0.000110 
59022.823321 9.001215 0.000124 
59032.951215 9.001712 0.000068 
59037.979687 9.001759 0.000104 
59044.807869 9.001682 0.000129 
59062.710705 9.001708 0.000122 
59075.702719 9.001723 0.000137 
59082.706365 9.001718 0.000111 
59093.703414 9.001810 0.000104 
59100.618344 9.001723 0.000069 
59106.783390 9.001891 0.000069 
59113.630150 9.002412 0.000140 
59133.525057 9.001675 0.000067 
59156.603472 9.001815 0.000089 
59166.495890 9.001818 0.000057 
59175.472626 9.001880 0.000077 
59187.505670 9.001805 0.000105 
59196.535705 9.001841 0.000066 
59208.283159 9.001737 0.000072 
59217.376735 9.001884 0.000084 
59230.327314 9.001854 0.000112 
59238.429918 9.001926 0.000101 
59252.229166 9.002026 0.000091 
59264.218112 9.002472 0.000111 
59272.211978 9.001730 0.000527 
59281.131076 9.001792 0.000089 
59288.136631 9.001696 0.000073 
59301.087442 9.001661 0.000082 
59309.103877 9.001980 0.000089 
59349.147337 9.001854 0.000046 
59360.149471 9.001576 0.000105 
59380.976446 9.001803 0.000085 
59391.862557 9.001825 0.000095 
59403.950288 9.001522 0.000060 
59413.838193 9.001375 0.000165 
59417.913020 9.001916 0.000190 
59425.829455 9.001787 0.000097 
59441.753298 9.001734 0.000098 
59449.702140 9.001791 0.000099 
59460.694096 9.001932 0.000115 
59469.652603 9.001870 0.000129 
59489.674826 9.001706 0.000087 
59496.597280 9.001820 0.000060 
59520.510068 9.001989 0.000049 
59531.501099 9.002024 0.000056 
59540.452372 9.001757 0.000075 
59551.359374 9.001688 0.000069 
59569.420022 9.001891 0.000066 
59580.361632 9.001812 0.000060 
59590.459143 9.001703 0.000120 
59610.296643 9.002401 0.000007 
59621.248205 9.002349 0.000063 
59630.140162 9.002227 0.000081 
59644.335995 9.002456 0.000158 
59650.191492 9.001806 0.000069 
59660.137905 9.001892 0.000099 
59672.127141 9.002026 0.000103 
59696.055613 9.001906 0.000121 
59706.125347 9.001575 0.000142 
59719.161110 9.001821 0.000157 
59726.183969 9.001904 0.000128 
59735.106654 9.002125 0.000062 
59756.868112 9.002098 0.000136 
59767.966145 9.001796 0.000061 
59777.803935 9.001844 0.000108 
59788.905613 9.001500 0.000095 
59796.698842 9.001725 0.000098 
59816.880381 9.002023 0.000061 
59826.649536 9.001954 0.000076 
59846.673032 9.001806 0.000094 
59887.560416 9.001608 0.000113 
59905.604571 9.002047 0.000120 
59944.376504 9.001992 0.000096 
59986.282870 9.002738 0.000085 
60014.191492 9.002105 0.000113 
60024.130613 9.002080 0.000097 
60062.072974 9.001953 0.000102 
60082.973900 9.002076 0.000119 
60098.889120 9.001979 0.000117 
60117.888309 9.002050 0.000117 
60138.870081 9.002259 0.000134 
60161.904339 9.002189 0.000059 
60174.767997 9.001968 0.000110 
60195.698958 9.001957 0.000283 
60213.839004 9.001893 0.000104 
60259.431307 9.002008 0.000099 
60286.388483 9.002130 0.000120 
60301.309663 9.001835 0.000083 
60318.273379 9.002037 0.000118 
60338.369097 9.002465 0.000102 
60359.154108 9.002750 0.000094 
60378.156828 9.001806 0.000074 
60398.111400 9.002196 0.000058 