58276.973091 13.732631 0.001685 
58322.838715 13.721016 0.003246 
58340.804919 13.720870 0.004868 
57711.434954 13.723628 0.001304 
57768.373553 13.724707 0.000956 
57782.275058 13.723348 0.000765 
57796.134317 13.724366 0.000639 
57816.519618 13.723392 0.000960 
57873.070544 13.723625 0.001076 
57885.987558 13.723505 0.000743 
57898.022512 13.723366 0.000749 
57911.975868 13.723057 0.000951 
57942.957234 13.724423 0.000864 
57970.755035 13.722140 0.000536 
57985.749769 13.725466 0.002010 
57997.716146 13.723872 0.000575 
58012.605382 13.723436 0.000889 
58090.444444 13.725364 0.001338 
58110.670602 13.721025 0.000975 
58133.287674 13.718782 0.001155 
59747.000752 13.719049 0.000112 
59897.469271 13.718306 0.000468 
59954.304630 13.718478 0.000129 
59994.196701 13.719341 0.000510 
60034.107928 13.718475 0.000171 
60070.980498 13.718813 0.000153 
60089.977025 13.718706 0.000128 
60107.917245 13.718888 0.000172 
60128.802025 13.718908 0.000156 
60149.844155 13.718603 0.000219 
60164.736053 13.718817 0.000118 
60184.697974 13.718518 0.000021 
60203.669502 13.718438 0.000295 